118
97
114
32
100
105
114
101
99
116
32
61
32
39
68
73
82
69
67
84
39
59
10
118
97
114
32
104
116
116
112
80
114
111
120
121
32
61
32
39
80
82
79
88
89
32
49
50
55
46
48
46
48
46
49
58
51
48
56
48
59
32
68
73
82
69
67
84
39
59
10
10
118
97
114
32
100
105
114
101
99
116
76
105
115
116
32
61
32
91
10
34
34
44
10
34
105
102
97
110
114
46
99
110
34
44
10
34
105
102
97
110
114
46
99
111
109
34
44
10
34
115
105
110
97
105
109
103
46
99
110
34
44
10
34
120
117
110
108
101
105
46
99
111
109
34
44
10
34
107
117
54
46
99
110
34
44
10
34
116
46
99
110
34
44
10
34
98
105
110
103
46
99
111
109
34
44
10
34
121
111
117
100
97
111
46
99
111
109
34
44
10
34
115
111
103
111
117
46
99
111
109
34
44
10
34
116
100
105
109
103
46
99
111
109
34
44
10
34
116
117
100
111
117
117
105
46
99
111
109
34
44
10
34
120
110
112
105
99
46
99
111
109
34
44
10
34
121
117
112
111
111
46
99
111
109
34
44
10
34
117
112
97
105
121
117
110
46
99
111
109
34
44
10
34
107
97
110
107
97
110
46
99
111
109
34
44
10
34
100
97
110
103
100
97
110
103
46
99
111
109
34
44
10
34
98
97
110
107
111
102
99
104
105
110
97
46
99
111
109
34
44
10
34
115
105
110
97
97
112
112
46
99
111
109
34
44
10
34
115
105
110
97
106
115
46
99
110
34
44
10
34
98
97
105
100
117
46
99
111
109
34
44
10
34
109
109
99
100
110
46
99
110
34
44
10
34
122
46
99
110
34
44
10
34
97
108
105
109
97
109
97
46
99
111
109
34
44
10
34
100
111
117
98
97
110
46
99
111
109
34
44
10
34
114
114
105
109
103
46
99
111
109
34
44
10
34
115
105
110
97
46
99
111
109
46
99
110
34
44
10
34
107
117
54
105
109
103
46
99
111
109
34
44
10
34
97
109
97
122
111
110
46
99
110
34
44
10
34
105
99
115
111
110
46
99
111
109
34
44
10
34
99
109
98
99
104
105
110
97
46
99
111
109
34
44
10
34
122
104
105
104
117
46
99
111
109
34
44
10
34
115
111
104
117
46
99
111
109
34
44
10
34
109
97
99
114
111
109
101
100
105
97
46
99
111
109
34
44
10
34
121
111
117
107
117
46
99
111
109
34
44
10
34
106
100
46
99
111
109
34
44
10
34
116
97
111
98
97
111
46
99
111
109
34
44
10
34
101
116
97
111
46
99
111
109
34
44
10
34
119
101
105
98
111
46
99
111
109
34
44
10
34
107
97
105
120
105
110
48
48
49
46
99
111
109
34
44
10
34
120
105
97
111
110
101
105
46
99
111
109
34
44
10
34
117
112
121
117
110
46
99
111
109
34
44
10
34
116
117
100
111
117
46
99
111
109
34
44
10
34
97
108
105
99
100
110
46
99
111
109
34
44
10
34
97
108
105
112
97
121
46
99
111
109
34
44
10
34
98
111
99
46
99
110
34
44
10
34
98
105
110
103
46
99
111
109
46
99
110
34
44
10
34
98
100
115
116
97
116
105
99
46
99
111
109
34
44
10
34
98
100
105
109
103
46
99
111
109
34
44
10
34
107
97
110
105
109
103
46
99
111
109
34
44
10
34
104
117
97
98
97
110
46
99
111
109
34
44
10
34
49
50
51
48
54
46
99
110
34
44
10
34
115
111
107
117
46
99
111
109
34
44
10
34
107
117
54
46
99
111
109
34
44
10
34
51
54
48
98
117
121
46
99
111
109
34
44
10
34
51
54
48
98
117
121
105
109
103
46
99
111
109
34
44
10
34
112
97
105
112
97
105
105
109
103
46
99
111
109
34
44
10
34
97
108
105
109
97
109
97
46
99
110
34
44
10
34
98
97
110
107
99
111
109
109
46
99
111
109
34
44
10
34
115
112
100
98
46
99
111
109
46
99
110
34
44
10
34
100
112
102
105
108
101
46
99
111
109
34
44
10
34
121
107
105
109
103
46
99
111
109
34
44
10
34
100
100
105
109
103
46
99
110
34
44
10
34
105
99
98
99
46
99
111
109
46
99
110
34
44
10
34
120
110
105
109
103
46
99
110
34
44
10
34
100
105
97
110
112
105
110
103
46
99
111
109
34
44
10
34
49
54
51
46
99
111
109
34
44
10
34
115
111
108
105
100
111
116
46
111
114
103
34
44
10
34
97
98
99
104
105
110
97
46
99
111
109
34
44
10
34
116
98
99
100
110
46
99
110
34
44
10
34
57
53
53
53
57
46
99
111
109
46
99
110
34
44
10
34
57
53
53
57
57
46
99
110
34
44
10
34
114
101
110
114
101
110
46
99
111
109
34
44
10
34
97
112
112
108
101
46
99
111
109
34
44
10
34
116
97
111
98
97
111
99
100
110
46
99
111
109
34
44
10
34
97
105
99
100
110
46
99
111
109
34
44
10
34
99
99
98
46
99
111
109
34
44
10
34
53
49
98
117
121
46
99
111
109
34
44
10
34
104
101
120
117
110
46
99
111
109
34
44
10
34
105
99
108
111
117
100
46
99
111
109
34
44
10
34
107
117
54
99
100
110
46
99
111
109
34
44
10
34
121
105
104
97
111
100
105
97
110
46
99
111
109
34
44
10
34
97
112
112
108
101
46
99
111
109
46
99
110
34
44
10
34
121
105
104
97
111
100
105
97
110
105
109
103
46
99
111
109
34
44
10
34
112
97
105
112
97
105
46
99
111
109
34
44
10
34
116
109
97
108
108
46
99
111
109
34
44
10
34
97
108
105
112
97
121
111
98
106
101
99
116
115
46
99
111
109
34
44
10
34
113
113
46
99
111
109
34
10
93
59
10
10
118
97
114
32
100
105
114
101
99
116
65
99
99
32
61
32
123
125
59
10
102
111
114
32
40
118
97
114
32
105
32
61
32
48
59
32
105
32
60
32
100
105
114
101
99
116
76
105
115
116
46
108
101
110
103
116
104
59
32
105
32
43
61
32
49
41
32
123
10
9
100
105
114
101
99
116
65
99
99
91
100
105
114
101
99
116
76
105
115
116
91
105
93
93
32
61
32
116
114
117
101
59
10
125
10
10
118
97
114
32
116
111
112
76
101
118
101
108
32
61
32
123
10
9
34
101
100
117
34
58
32
116
114
117
101
44
10
9
34
103
111
118
34
58
32
116
114
117
101
44
10
9
34
110
101
116
34
58
32
116
114
117
101
44
10
9
34
111
114
103
34
58
32
116
114
117
101
44
10
9
34
97
99
34
58
32
116
114
117
101
44
10
9
34
99
111
34
58
32
116
114
117
101
44
10
9
34
99
111
109
34
58
32
116
114
117
101
10
125
59
10
10
47
47
32
104
111
115
116
73
115
73
80
32
100
101
116
101
114
109
105
110
101
115
32
119
104
101
116
104
101
114
32
97
32
104
111
115
116
32
97
100
100
114
101
115
115
32
105
115
32
97
110
32
73
80
32
97
100
100
114
101
115
115
32
97
110
100
32
119
104
101
116
104
101
114
10
47
47
32
105
116
32
105
115
32
112
114
105
118
97
116
101
46
32
67
117
114
114
101
110
108
121
32
111
110
108
121
32
104
97
110
100
108
101
115
32
73
80
118
52
32
97
100
100
114
101
115
115
101
115
46
10
102
117
110
99
116
105
111
110
32
104
111
115
116
73
115
73
80
40
104
111
115
116
41
32
123
10
9
118
97
114
32
112
97
114
116
32
61
32
104
111
115
116
46
115
112
108
105
116
40
39
46
39
41
59
10
9
105
102
32
40
112
97
114
116
46
108
101
110
103
116
104
32
33
61
32
52
41
32
123
10
9
9
114
101
116
117
114
110
32
91
102
97
108
115
101
44
32
102
97
108
115
101
93
59
10
9
125
10
9
118
97
114
32
110
59
10
9
102
111
114
32
40
118
97
114
32
105
32
61
32
51
59
32
105
32
62
61
32
48
59
32
105
45
45
41
32
123
10
9
9
105
102
32
40
112
97
114
116
91
105
93
46
108
101
110
103
116
104
32
61
61
61
32
48
32
124
124
32
112
97
114
116
91
105
93
46
108
101
110
103
116
104
32
62
32
51
41
32
123
10
9
9
9
114
101
116
117
114
110
32
91
102
97
108
115
101
44
32
102
97
108
115
101
93
59
10
9
9
125
10
9
9
110
32
61
32
78
117
109
98
101
114
40
112
97
114
116
91
105
93
41
59
10
9
9
105
102
32
40
105
115
78
97
78
40
110
41
32
124
124
32
110
32
60
32
48
32
124
124
32
110
32
62
32
50
53
53
41
32
123
10
9
9
9
114
101
116
117
114
110
32
91
102
97
108
115
101
44
32
102
97
108
115
101
93
59
10
9
9
125
10
9
125
10
9
105
102
32
40
112
97
114
116
91
48
93
32
61
61
32
39
49
50
55
39
32
124
124
32
112
97
114
116
91
48
93
32
61
61
32
39
49
48
39
32
124
124
32
40
112
97
114
116
91
48
93
32
61
61
32
39
49
57
50
39
32
38
38
32
112
97
114
116
91
49
93
32
61
61
32
39
49
54
56
39
41
41
32
123
10
9
9
114
101
116
117
114
110
32
91
116
114
117
101
44
32
116
114
117
101
93
59
10
9
125
10
9
105
102
32
40
112
97
114
116
91
48
93
32
61
61
32
39
49
55
50
39
41
32
123
10
9
9
110
32
61
32
78
117
109
98
101
114
40
112
97
114
116
91
49
93
41
59
10
9
9
105
102
32
40
49
54
32
60
61
32
110
32
38
38
32
110
32
60
61
32
51
49
41
32
123
10
9
9
9
114
101
116
117
114
110
32
91
116
114
117
101
44
32
116
114
117
101
93
59
10
9
9
125
10
9
125
10
9
114
101
116
117
114
110
32
91
116
114
117
101
44
32
102
97
108
115
101
93
59
10
125
10
10
102
117
110
99
116
105
111
110
32
104
111
115
116
50
68
111
109
97
105
110
40
104
111
115
116
41
32
123
10
9
118
97
114
32
97
114
114
44
32
105
115
73
80
44
32
105
115
80
114
105
118
97
116
101
59
10
9
97
114
114
32
61
32
104
111
115
116
73
115
73
80
40
104
111
115
116
41
59
10
9
105
115
73
80
32
61
32
97
114
114
91
48
93
59
10
9
105
115
80
114
105
118
97
116
101
32
61
32
97
114
114
91
49
93
59
10
9
105
102
32
40
105
115
80
114
105
118
97
116
101
41
32
123
10
9
9
114
101
116
117
114
110
32
34
34
59
10
9
125
10
9
105
102
32
40
105
115
73
80
41
32
123
10
9
9
114
101
116
117
114
110
32
104
111
115
116
59
10
9
125
10
10
9
118
97
114
32
108
97
115
116
68
111
116
32
61
32
104
111
115
116
46
108
97
115
116
73
110
100
101
120
79
102
40
39
46
39
41
59
10
9
105
102
32
40
108
97
115
116
68
111
116
32
61
61
61
32
45
49
41
32
123
10
9
9
114
101
116
117
114
110
32
34
34
59
32
47
47
32
115
105
109
112
108
101
32
104
111
115
116
32
110
97
109
101
32
104
97
115
32
110
111
32
100
111
109
97
105
110
10
9
125
10
9
47
47
32
70
105
110
100
32
116
104
101
32
115
101
99
111
110
100
32
108
97
115
116
32
100
111
116
10
9
100
111
116
50
110
100
76
97
115
116
32
61
32
104
111
115
116
46
108
97
115
116
73
110
100
101
120
79
102
40
34
46
34
44
32
108
97
115
116
68
111
116
45
49
41
59
10
9
105
102
32
40
100
111
116
50
110
100
76
97
115
116
32
61
61
61
32
45
49
41
10
9
9
114
101
116
117
114
110
32
104
111
115
116
59
10
10
9
118
97
114
32
112
97
114
116
32
61
32
104
111
115
116
46
115
117
98
115
116
114
105
110
103
40
100
111
116
50
110
100
76
97
115
116
43
49
44
32
108
97
115
116
68
111
116
41
59
10
9
105
102
32
40
116
111
112
76
101
118
101
108
91
112
97
114
116
93
41
32
123
10
9
9
118
97
114
32
100
111
116
51
114
100
76
97
115
116
32
61
32
104
111
115
116
46
108
97
115
116
73
110
100
101
120
79
102
40
34
46
34
44
32
100
111
116
50
110
100
76
97
115
116
45
49
41
59
10
9
9
105
102
32
40
100
111
116
51
114
100
76
97
115
116
32
61
61
61
32
45
49
41
32
123
10
9
9
9
114
101
116
117
114
110
32
104
111
115
116
59
10
9
9
125
10
9
9
114
101
116
117
114
110
32
104
111
115
116
46
115
117
98
115
116
114
105
110
103
40
100
111
116
51
114
100
76
97
115
116
43
49
41
59
10
9
125
10
9
114
101
116
117
114
110
32
104
111
115
116
46
115
117
98
115
116
114
105
110
103
40
100
111
116
50
110
100
76
97
115
116
43
49
41
59
10
125
10
10
102
117
110
99
116
105
111
110
32
70
105
110
100
80
114
111
120
121
70
111
114
85
82
76
40
117
114
108
44
32
104
111
115
116
41
32
123
10
9
105
102
32
40
117
114
108
46
115
117
98
115
116
114
105
110
103
40
48
44
52
41
32
61
61
32
34
102
116
112
58
34
41
10
9
9
114
101
116
117
114
110
32
100
105
114
101
99
116
59
10
9
105
102
32
40
104
111
115
116
46
115
117
98
115
116
114
105
110
103
40
48
44
55
41
32
61
61
32
34
58
58
102
102
102
102
58
34
41
10
9
9
114
101
116
117
114
110
32
100
105
114
101
99
116
59
10
9
105
102
32
40
104
111
115
116
46
105
110
100
101
120
79
102
40
34
46
108
111
99
97
108
34
44
32
104
111
115
116
46
108
101
110
103
116
104
32
45
32
54
41
32
33
61
61
32
45
49
41
32
123
10
9
9
114
101
116
117
114
110
32
100
105
114
101
99
116
59
10
9
125
10
9
118
97
114
32
100
111
109
97
105
110
32
61
32
104
111
115
116
50
68
111
109
97
105
110
40
104
111
115
116
41
59
10
9
105
102
32
40
104
111
115
116
46
108
101
110
103
116
104
32
61
61
32
100
111
109
97
105
110
46
108
101
110
103
116
104
41
32
123
10
9
9
114
101
116
117
114
110
32
100
105
114
101
99
116
65
99
99
91
104
111
115
116
93
32
63
32
100
105
114
101
99
116
32
58
32
104
116
116
112
80
114
111
120
121
59
10
9
125
10
9
114
101
116
117
114
110
32
40
100
105
114
101
99
116
65
99
99
91
104
111
115
116
93
32
124
124
32
100
105
114
101
99
116
65
99
99
91
100
111
109
97
105
110
93
41
32
63
32
100
105
114
101
99
116
32
58
32
104
116
116
112
80
114
111
120
121
59
10
125
10
